Case 4:
Input
I 10
I 5
I 6
I 11
I 9
I 8
I 0
I -1
T In
T Pre
T Post
D 9
F 9
F -1
I -2
D -1
D -2
D -1
T In
T Pre
T Post
D 11
T In
T Pre
T Post
Output
10
10(5)()
10(5()(6))()
10(5()(6))(11)
10(5()(6()(9)))(11)
10(5()(6()(9(8)())))(11)
10(5(0)(6()(9(8)())))(11)
10(5(0(-1)())(6()(9(8)())))(11)
-1 0 5 6 8 9 10 11 
10 5 0 -1 6 9 8 11 
-1 0 8 9 6 5 11 10 
Invalid Operation
True
True
10(5(0(-1(-2)())())(6()(9(8)())))(11)
Invalid Operation
10(5(0(-1)())(6()(9(8)())))(11)
10(5(0)(6()(9(8)())))(11)
0 5 6 8 9 10 11 
10 5 0 6 9 8 11 
0 8 9 6 5 11 10 
10(5(0)(6()(9(8)())))()
0 5 6 8 9 10 
10 5 0 6 9 8 
0 8 9 6 5 10 
Case 5:
Input
I 10
I 9
I 8
I 1
I 2
I 3
I 4
I 5
I 6
I 7
T In
T Pre
T Post
D 7
D 6
D 1
D 5
D 4
D 3
D 2
D 1
D 9
D 10
T In
T Pre
T Post
D 8
D 9
D 10
T In
T Pre
T Post
F 10
I 11
Output
10
10(9)()
10(9(8)())()
10(9(8(1)())())()
10(9(8(1()(2))())())()
10(9(8(1()(2()(3)))())())()
10(9(8(1()(2()(3()(4))))())())()
10(9(8(1()(2()(3()(4()(5)))))())())()
10(9(8(1()(2()(3()(4()(5()(6))))))())())()
10(9(8(1()(2()(3()(4()(5()(6()(7)))))))())())()
1 2 3 4 5 6 7 8 9 10 
10 9 8 1 2 3 4 5 6 7 
7 6 5 4 3 2 1 8 9 10 
10(9(8(1()(2()(3()(4()(5()(6))))))())())()
10(9(8(1()(2()(3()(4()(5)))))())())()
Invalid Operation
10(9(8(1()(2()(3()(4))))())())()
10(9(8(1()(2()(3)))())())()
10(9(8(1()(2))())())()
10(9(8(1)())())()
10(9(8)())()
Invalid Operation
Invalid Operation
8 9 10 
10 9 8 
8 9 10 
10(9)()
10




False
11
Case 6:
Input
I 10
I 19
I 18
I 11
I 12
I 13
I 14
I 15
I 16
I 17
T In
T Pre
T Post
D 17
D 16
D 11
D 15
D 14
D 13
D 12
D 11
D 19
D 10
T In
T Pre
T Post
D 18
D 19
D 10
T In
T Pre
T Post
F 10
I 11
Output
10
10()(19)
10()(19(18)())
10()(19(18(11)())())
10()(19(18(11()(12))())())
10()(19(18(11()(12()(13)))())())
10()(19(18(11()(12()(13()(14))))())())
10()(19(18(11()(12()(13()(14()(15)))))())())
10()(19(18(11()(12()(13()(14()(15()(16))))))())())
10()(19(18(11()(12()(13()(14()(15()(16()(17)))))))())())
10 11 12 13 14 15 16 17 18 19 
10 19 18 11 12 13 14 15 16 17 
17 16 15 14 13 12 11 18 19 10 
10()(19(18(11()(12()(13()(14()(15()(16))))))())())
10()(19(18(11()(12()(13()(14()(15)))))())())
Invalid Operation
10()(19(18(11()(12()(13()(14))))())())
10()(19(18(11()(12()(13)))())())
10()(19(18(11()(12))())())
10()(19(18(11)())())
10()(19(18)())
Invalid Operation
Invalid Operation
10 18 19 
10 19 18 
18 19 10 
10()(19)
10




False
11
