9
9(6)()
9(6)(12)
9(6)(12()(13))
9(6)(12()(13()(18)))
9(6)(12()(13()(18(14)())))
9(6)(12()(13()(18(14()(16))())))
9(6(3)())(12()(13()(18(14()(16))())))
9(6(3(2)())())(12()(13()(18(14()(16))())))
9(6(3(2)())(8))(12()(13()(18(14()(16))())))
9(6(3(2)())(8(7)()))(12()(13()(18(14()(16))())))
Invalid Operation
True
Invalid Operation
True
Invalid Operation
True
Invalid Operation
True
Invalid Operation
True
Invalid Operation
True
9(6(3(2)())(8(7)()))(12()(13()(18(14)())))
False
Invalid Operation
True
9(6(3)(8(7)()))(12()(13()(18(14)())))
False
Invalid Operation
True
9(6(3)(8))(12()(13()(18(14)())))
False
9(6()(8))(12()(13()(18(14)())))
False
