10
10(9)()
10(9(8)())()
10(9(8(1)())())()
10(9(8(1()(2))())())()
10(9(8(1()(2()(3)))())())()
10(9(8(1()(2()(3()(4))))())())()
10(9(8(1()(2()(3()(4()(5)))))())())()
10(9(8(1()(2()(3()(4()(5()(6))))))())())()
10(9(8(1()(2()(3()(4()(5()(6()(7)))))))())())()
1 2 3 4 5 6 7 8 9 10 
10 9 8 1 2 3 4 5 6 7 
7 6 5 4 3 2 1 8 9 10 
10(9(8(1()(2()(3()(4()(5()(6))))))())())()
10(9(8(1()(2()(3()(4()(5)))))())())()
Invalid Operation
10(9(8(1()(2()(3()(4))))())())()
10(9(8(1()(2()(3)))())())()
10(9(8(1()(2))())())()
10(9(8(1)())())()
10(9(8)())()
Invalid Operation
Invalid Operation
8 9 10 
10 9 8 
8 9 10 
10(9)()
10




False
11
